Covariate	Qreported	Qempirical	nMismatches	nBases
GT	30.230	30.111	199759	204932219
CG	22.685	22.729	250755	47008707
AT	30.126	30.136	261770	270079779
TT	30.610	30.573	307782	351171460
TA	27.786	27.802	356211	214747210
CT	33.561	33.496	131428	293988057
GA	27.140	27.090	488520	249954883
TG	32.725	32.690	162265	301454510
CA	30.446	30.401	276514	303237018
TC	29.409	29.397	288688	251264053
AG	30.580	30.574	250808	286224484
GG	25.915	25.809	594939	226672282
AA	29.108	29.107	423081	344408502
AC	29.508	29.526	229037	205362708
CC	28.149	27.978	370314	232475005
GC	26.388	26.354	431369	186294378
