Covariate	Qreported	Qempirical	nMismatches	nBases
-31	29.584	29.555	25121	22673096
1	31.436	31.445	16512	23028679
-32	29.202	29.190	27308	22663844
-29	29.708	29.745	24089	22714751
2	31.234	31.355	16892	23074816
-30	29.659	29.712	24255	22697105
3	31.586	31.660	15745	23075600
-27	29.866	29.928	23115	22736723
4	31.986	31.948	14632	22914427
-28	29.770	29.847	23542	22728652
5	32.128	32.127	14140	23077367
-25	30.094	30.077	22371	22770318
6	32.193	32.105	14212	23076972
-26	29.938	29.948	23025	22749014
7	32.120	32.092	14258	23082374
-23	30.146	30.163	21959	22799036
8	32.062	32.021	14499	23088791
-24	30.172	30.162	21953	22787260
9	32.006	31.969	14672	23088028
-21	30.328	30.331	21141	22816096
10	31.933	31.856	15059	23090075
11	32.086	31.971	14665	23088423
-22	30.292	30.309	21241	22806938
12	32.037	31.956	14718	23089502
-19	30.481	30.444	20624	22846233
13	31.967	31.914	14861	23091150
-20	30.454	30.434	20662	22836006
14	31.948	31.907	14885	23092190
-17	30.568	30.599	19915	22860121
15	31.919	31.834	15135	23090033
-18	30.319	30.334	21163	22853423
17	31.777	31.707	15585	23086638
-16	30.518	30.580	20005	22864710
16	31.817	31.779	15330	23089618
-15	30.689	30.681	19555	22877028
19	31.687	31.619	15903	23087681
-14	30.736	30.707	19448	22885983
18	31.711	31.613	15926	23087664
-13	30.653	30.710	19438	22890929
21	31.534	31.437	16576	23075242
-12	30.742	30.793	19073	22891482
20	31.613	31.509	16308	23084204
-11	30.658	30.786	19105	22896201
23	31.286	31.233	17363	23066102
-10	30.635	30.734	19343	22902601
22	31.460	31.402	16705	23071970
-9	30.648	30.720	19409	22908099
25	31.402	31.327	16982	23050458
-8	30.685	30.928	18502	22911999
24	31.322	31.251	17287	23059729
-7	28.367	27.923	36931	22890007
27	30.672	30.581	20140	23023355
-6	30.601	30.807	19018	22899138
26	30.956	30.876	18822	23028157
-5	30.396	30.622	19850	22907327
29	30.535	30.436	20810	23008577
-4	30.233	30.480	20507	22903311
28	30.514	30.431	20844	23016452
-3	30.264	30.371	21027	22902598
-2	31.106	31.317	16909	22898962
31	30.610	30.537	20305	22976255
-1	26.311	26.151	55070	22700349
30	30.436	30.328	21325	22996608
34	30.020	29.972	23101	22953551
-61	29.604	29.702	23609	22044503
35	30.369	30.319	21318	22941911
-62	29.174	29.373	25450	22031128
32	30.272	30.208	21892	22967610
-63	29.109	29.292	25902	22006397
33	30.064	29.996	22984	22961966
-64	29.182	29.361	25469	21982071
38	30.691	30.646	19748	22915202
-57	29.288	29.485	24979	22186356
39	30.647	30.667	19644	22903606
-58	29.421	29.709	23704	22168241
36	30.985	30.916	18567	22926571
-59	29.362	29.648	24015	22144082
37	30.738	30.731	19370	22921668
-60	29.466	29.683	23784	22107526
42	30.586	30.520	20277	22857677
-53	29.499	29.743	23622	22264826
43	30.035	29.837	23720	22845972
-54	29.427	29.692	23888	22251225
40	30.683	30.621	19836	22886809
-55	29.621	29.861	22950	22229410
41	30.612	30.567	20069	22866899
-56	29.793	29.954	22434	22195943
46	30.464	30.356	20992	22786722
-49	29.524	29.598	24532	22362695
47	30.291	30.224	21630	22775340
-50	29.566	29.661	24143	22330845
44	30.262	30.255	21535	22835886
-51	30.246	30.385	20390	22281799
45	30.508	30.436	20635	22816301
-52	29.739	30.012	22213	22275155
51	30.200	30.045	22451	22684502
-46	29.810	29.805	23438	22411096
50	30.223	30.114	22133	22723535
-45	29.842	29.979	22562	22453750
49	30.210	30.114	22158	22745634
-48	29.566	29.649	24264	22382563
48	30.264	30.150	21993	22763495
-47	29.509	29.628	24403	22397871
55	30.108	29.960	22812	22604542
-42	29.741	29.906	23004	22510759
54	29.894	29.820	23594	22637460
-41	29.998	30.088	22074	22523305
53	30.059	29.959	22871	22658186
-44	29.599	29.712	24021	22481294
52	30.083	29.988	22735	22672237
-43	29.644	29.789	23620	22498115
59	29.685	29.526	25089	22496591
-38	29.796	29.980	22686	22582218
58	29.784	29.679	24256	22526470
-37	29.254	29.312	26468	22588806
57	30.027	29.916	22985	22543072
-40	29.860	30.025	22424	22551701
56	30.188	30.031	22401	22560605
-39	29.737	29.924	22969	22569675
63	29.305	29.180	27005	22358105
-34	29.474	29.516	25312	22644131
62	29.621	29.485	25197	22381327
-33	29.434	29.486	25504	22655747
61	29.773	29.579	24680	22401527
-36	29.555	29.566	24973	22598117
60	29.715	29.577	24754	22459084
-35	29.669	29.777	23817	22622755
68	28.833	28.666	30116	22152639
69	28.776	28.571	30729	22114903
70	28.960	28.769	29286	22057407
-89	22.541	22.469	110119	19444400
71	29.260	28.920	28161	21961773
-90	22.765	22.669	103403	19117412
64	29.294	29.157	27107	22325656
65	29.333	29.162	27021	22279750
66	29.636	29.360	25725	22201139
67	29.141	28.934	28352	22180622
76	30.029	29.829	22588	21717788
-83	27.179	27.216	39209	20652444
77	29.520	29.538	24137	21699106
-84	26.488	26.417	46863	20536097
78	29.404	29.415	24798	21673584
-81	29.158	29.064	25777	20779417
79	29.183	29.202	26003	21639348
-82	28.164	28.166	31621	20726729
72	28.770	28.525	30810	21936853
-87	23.024	22.970	100188	19851827
73	28.490	28.288	32498	21909469
-88	22.654	22.577	108660	19670373
74	28.481	28.278	32512	21867844
-85	25.345	25.328	59611	20328662
75	28.514	28.335	31989	21802820
-86	24.222	24.120	77419	19992967
85	25.801	25.710	56730	21123975
-76	29.254	29.198	25559	21249718
84	26.930	26.887	43623	21302430
-75	28.877	28.967	27144	21397503
87	23.488	23.373	95021	20661535
-74	28.539	28.635	29426	21487914
86	24.679	24.567	72651	20792128
-73	28.448	28.551	30067	21536671
81	29.775	29.711	22952	21475253
-80	28.720	28.752	27965	20978089
80	29.374	29.360	25007	21579281
-79	28.228	28.308	31150	21099083
83	26.558	26.191	51385	21378536
-78	28.184	28.286	31413	21168395
82	28.631	28.623	29442	21440949
-77	23.938	22.890	108763	21159165
-68	28.734	28.879	28231	21808327
-67	28.928	29.099	26870	21834188
-66	29.591	29.702	23405	21851895
-65	29.376	29.573	24196	21929313
89	22.846	22.803	106406	20290665
-72	28.693	28.875	27948	21569890
88	23.005	22.979	103225	20498735
-71	29.393	29.380	24908	21595967
-70	29.000	29.091	26760	21705510
90	22.991	22.890	102730	19986271
-69	28.967	29.146	26500	21768039
