Covariate	Qreported	Qempirical	nMismatches	nBases
-31	29.107	28.471	32257	22683747
1	36.428	31.443	16517	23028630
-32	29.263	28.137	34824	22675118
-29	30.023	28.536	31838	22729100
2	35.296	31.347	16920	23074991
-30	29.996	28.528	31870	22709748
3	35.009	31.621	15887	23076471
-27	30.107	28.869	29518	22748906
4	35.021	31.865	14914	22915744
-28	30.178	28.768	30196	22740454
5	33.924	32.043	14418	23078331
-25	30.816	29.139	27778	22781567
6	34.146	31.910	14868	23079966
-26	29.902	29.137	27758	22756969
7	34.313	31.924	14824	23084831
-23	30.906	29.336	26575	22808721
8	34.370	31.871	15009	23091010
-24	30.891	29.237	27175	22798331
9	34.346	31.780	15327	23090126
-21	30.705	29.675	24597	22823068
10	34.340	31.659	15759	23092270
11	33.683	31.714	15562	23091427
-22	30.859	29.495	25629	22816801
12	33.876	31.708	15584	23092273
-19	31.566	29.744	24244	22855749
13	33.932	31.688	15656	23093639
-20	31.530	29.719	24373	22845129
14	33.902	31.612	15934	23095045
-17	31.508	30.012	22804	22868080
15	33.903	31.555	16144	23092451
-18	31.472	29.704	24476	22861893
17	33.295	31.346	16937	23089903
-16	31.304	30.124	22227	22869809
16	33.067	31.493	16376	23091828
-15	32.076	30.173	21991	22884454
19	33.348	31.232	17389	23090734
-14	32.077	30.207	21830	22893603
18	33.359	31.262	17266	23090610
-13	32.040	30.235	21692	22897850
21	32.352	31.001	18327	23078353
-12	31.940	30.316	21293	22899028
20	33.237	31.100	17920	23087240
-11	31.700	30.429	20746	22900811
23	32.486	30.669	19777	23070320
-10	31.999	30.394	20921	22908169
22	32.531	30.914	18696	23075584
-9	31.970	30.403	20882	22913731
25	32.524	30.732	19479	23054498
-8	31.984	30.742	19314	22914734
24	32.475	30.658	19823	23063968
-7	31.355	27.366	42015	22909090
27	30.963	29.679	24796	23030512
-6	31.717	30.581	20033	22903121
26	30.727	29.947	23317	23035066
-5	30.913	30.520	20323	22909412
29	30.957	29.465	26034	23016107
-4	31.395	30.349	21138	22906356
28	30.965	29.495	25865	23024058
-3	31.980	30.251	21623	22907003
-2	32.518	31.317	16908	22899008
31	29.618	29.315	26913	22985558
-1	34.478	26.151	55072	22700366
30	30.872	29.329	26846	23004216
34	29.826	28.650	31339	22964343
-61	29.066	28.531	30932	22055599
35	30.122	29.197	27611	22950409
-62	29.330	28.210	33283	22042852
32	29.851	28.947	29280	22978336
-63	29.264	27.902	35697	22022715
33	29.845	28.765	30531	22972441
-64	29.364	27.996	34897	21997022
38	30.579	30.069	22558	22921108
-57	29.778	28.499	31361	22196546
39	30.628	30.101	22383	22909087
-58	29.792	28.351	32431	22184436
36	30.254	30.302	21394	22933792
-59	29.789	28.270	33005	22160313
37	30.476	30.148	22161	22928258
-60	29.890	28.482	31378	22120156
42	30.051	29.813	23869	22865416
-53	29.160	28.918	28577	22272948
43	30.115	29.099	28125	22856310
-54	29.192	28.803	29326	22260202
40	30.602	29.974	23029	22893832
-55	29.193	28.929	28461	22238669
41	29.831	29.964	23064	22872918
-56	29.540	28.907	28558	22205782
46	29.246	29.667	24608	22793845
-49	28.522	28.669	30397	22373355
47	29.454	29.406	26124	22784406
-50	28.512	28.693	30185	22340980
44	30.073	29.580	25164	22842799
-51	28.775	29.493	25049	22290645
45	30.164	29.750	24176	22822858
-52	29.143	29.188	26867	22283384
51	28.582	29.276	26810	22692702
-46	28.465	29.187	27031	22417421
50	29.516	29.334	26498	22731124
-45	29.684	29.205	26972	22461529
49	29.415	29.178	27500	22756223
-48	28.611	28.750	29865	22393094
48	29.563	29.364	26365	22771760
-47	28.588	28.840	29268	22406859
55	28.808	28.931	28928	22615976
-42	29.644	29.148	27398	22519597
54	28.826	28.908	29119	22647075
-41	29.506	29.475	25426	22529912
53	28.832	29.017	28423	22668303
-44	29.554	28.940	28705	22489856
52	28.762	29.068	28110	22682645
-43	29.600	29.026	28165	22506817
59	28.177	28.407	32488	22510098
-38	29.774	29.331	26350	22590343
58	28.289	28.638	30843	22537813
-37	29.093	28.130	34762	22600675
57	28.343	28.847	29413	22554584
-40	29.812	29.374	26055	22559049
56	28.132	29.153	27433	22569578
-39	29.757	29.254	26808	22577481
63	27.491	28.046	35086	22371926
-34	29.621	28.537	31728	22653586
62	27.587	28.330	32894	22394881
-33	29.608	28.569	31508	22664804
61	27.417	28.609	30873	22412200
-36	28.923	28.437	32401	22608774
60	28.166	28.549	31387	22470056
-35	29.512	28.482	32110	22636122
68	26.736	27.468	39714	22168746
69	26.655	27.444	39862	22129907
70	26.749	27.645	37960	22071046
-89	27.960	22.114	119585	19455844
71	25.650	27.940	35311	21973063
-90	29.277	22.486	107878	19122956
64	27.487	27.915	36110	22341730
65	27.534	28.078	34699	22292476
66	26.827	28.297	32882	22213270
67	26.827	27.763	37148	22195676
76	27.387	28.746	29003	21728363
-83	27.608	26.033	51524	20668090
77	27.751	28.122	33459	21713121
-84	27.676	25.460	58450	20550710
78	27.817	27.959	34698	21688432
-81	27.799	27.804	34475	20790739
79	27.788	27.819	35777	21653838
-82	27.762	26.836	42980	20741392
72	25.692	27.372	40200	21951650
-87	27.879	22.546	110515	19864134
73	25.722	27.188	41886	21923433
-88	27.731	22.155	119845	19683896
74	25.684	27.077	42901	21884234
-85	28.010	24.699	68940	20340513
75	25.584	26.974	43793	21819979
-86	28.173	23.790	83577	20000793
85	29.020	25.105	65238	21135324
-76	27.761	27.821	35117	21262567
84	28.630	25.946	54213	21316693
-75	28.521	27.623	37012	21410726
87	28.886	22.940	105050	20674475
-74	28.367	27.282	40207	21501903
86	29.121	24.235	78447	20799635
-73	28.359	27.190	41160	21551307
81	28.555	28.404	31032	21486562
-80	28.055	27.393	38262	20991466
80	27.833	27.978	34396	21593016
-79	27.856	26.907	43038	21114313
83	28.318	24.988	67881	21404441
-78	27.800	26.903	43220	21184318
82	28.539	27.315	39810	21455060
-77	26.893	21.649	145207	21227316
-68	28.874	27.606	37866	21821348
-67	28.845	27.782	36412	21847650
-66	28.681	28.312	32252	21864889
-65	29.337	28.048	34404	21946644
89	28.900	22.434	115911	20302819
-72	28.366	27.463	38708	21584617
88	28.796	22.558	113819	20512345
-71	28.212	28.024	34060	21608781
-70	28.995	27.821	35866	21717654
90	30.259	22.705	107228	19991883
-69	28.882	27.577	38061	21785464
