Covariate	Qreported	Qempirical	nMismatches	nBases
TC	30.657	29.388	289270	251265940
GG	27.781	22.022	1431094	227966999
GC	27.563	26.252	441630	186324449
TT	32.779	30.190	336211	351228346
AA	31.745	28.977	435885	344433706
CG	27.925	22.593	258783	47020314
AT	30.665	30.135	261786	270080122
GA	26.523	27.090	488527	249954579
CA	29.344	30.400	276526	303237014
GT	25.664	30.111	199780	204932163
TG	30.172	32.690	162265	301454359
TA	30.650	27.802	356235	214747203
AC	30.647	29.503	230244	205365814
AG	30.410	30.573	250827	286224637
CC	30.899	26.425	530325	232805951
CT	29.756	33.496	131436	293988155
